<svg width="338" height="91" viewBox="0 0 338 91" fill="none" xmlns="http://www.w3.org/2000/svg">
<path d="M157.706 72.4304V73.7086C157.4 73.4584 157.024 73.3088 156.63 73.2804C156.47 73.2755 156.311 73.3058 156.164 73.369C156.018 73.4322 155.887 73.5267 155.781 73.646C155.553 73.8991 155.434 74.2318 155.451 74.5717C155.442 74.8792 155.524 75.1824 155.685 75.4447C155.801 75.6237 155.933 75.7923 156.078 75.9487C156.263 76.1562 156.497 76.4033 156.788 76.6932C157.222 77.1023 157.591 77.5756 157.881 78.0965C158.088 78.5349 158.187 79.0158 158.172 79.4999C158.197 80.1765 157.97 80.8383 157.534 81.3578C157.331 81.589 157.079 81.7726 156.797 81.8956C156.514 82.0186 156.208 82.0779 155.9 82.0694C155.383 82.0832 154.877 81.9205 154.466 81.6082V80.3135C154.827 80.6122 155.273 80.7897 155.741 80.8209C155.899 80.8286 156.056 80.801 156.201 80.74C156.346 80.679 156.476 80.5861 156.58 80.4684C156.794 80.1923 156.902 79.8486 156.884 79.4999C156.888 79.1678 156.808 78.8401 156.649 78.5478C156.55 78.3868 156.44 78.2327 156.319 78.0867C156.15 77.8834 155.97 77.6888 155.781 77.5036C155.451 77.1741 155.173 76.8875 154.955 76.6339C154.772 76.4307 154.609 76.2101 154.47 75.975C154.253 75.5409 154.149 75.0596 154.166 74.575C154.132 73.9204 154.344 73.2768 154.76 72.7698C154.963 72.5488 155.213 72.3751 155.491 72.2613C155.769 72.1474 156.068 72.0961 156.369 72.1109C156.834 72.1051 157.294 72.2149 157.706 72.4304Z" fill="#D82028"/>
<path d="M161.865 72.2293H165.359V73.3362H163.179V76.4262H165.111V77.533H163.179V80.8404H165.359V81.9506H161.865V72.2293Z" fill="#D82028"/>
<path d="M170.534 72.2293H171.558L173.648 81.9506H172.347L171.98 80.0498H170.048L169.678 81.9473H168.414L170.534 72.2293ZM171.792 79.0418L171.501 77.4902C171.307 76.4393 171.148 75.3127 171.029 74.1169C170.97 74.6989 170.894 75.2897 170.801 75.8892C170.709 76.4888 170.6 77.1213 170.471 77.7933L170.233 79.0418H171.792Z" fill="#D82028"/>
<path d="M176.018 72.2294H180.292V73.3725H178.819V81.9376H177.531V73.3725H176.018V72.2294Z" fill="#D82028"/>
<path d="M182.825 72.2293H187.099V73.3724H185.629V81.9374H184.341V73.3724H182.825V72.2293Z" fill="#D82028"/>
<path d="M190.411 72.2293H191.733V80.8404H193.879V81.9506H190.411V72.2293Z" fill="#D82028"/>
<path d="M197.273 72.2293H200.764V73.3362H198.588V76.4262H200.52V77.533H198.588V80.8404H200.764V81.9506H197.273V72.2293Z" fill="#D82028"/>
<path d="M211.208 72.2293H212.228L214.319 81.9506H213.017L212.651 80.0498H210.722L210.349 81.9473H209.087L211.208 72.2293ZM212.463 79.0418L212.172 77.4902C211.98 76.4393 211.822 75.3127 211.7 74.1169C211.64 74.6989 211.564 75.2897 211.472 75.8892C211.379 76.4888 211.27 77.1213 211.142 77.7933L210.901 79.0418H212.463Z" fill="#D82028"/>
<path d="M216.675 72.2293H217.97L218.558 75.8167L218.657 76.4756L218.865 77.8855C218.901 78.126 218.931 78.3434 218.957 78.5444C218.984 78.7453 219.01 78.9199 219.03 79.078L219.093 79.559C219.093 79.4602 219.116 79.3745 219.126 79.2987C219.136 79.223 219.142 79.1604 219.149 79.111L219.321 77.9843L219.542 76.5052C219.562 76.3702 219.581 76.245 219.601 76.133C219.621 76.021 219.638 75.9189 219.654 75.8299L220.285 72.2425H221.5L219.588 81.9638H218.548L216.675 72.2293Z" fill="#D82028"/>
<path d="M224.803 72.2294H226.124V81.9507H224.803V72.2294Z" fill="#D82028"/>
<path d="M231.606 72.2293H232.626L234.71 81.9506H233.409L233.059 80.0498H231.127L230.747 81.9506H229.482L231.606 72.2293ZM232.861 79.0418L232.57 77.4902C232.375 76.4393 232.22 75.3127 232.098 74.1169C232.038 74.6989 231.963 75.2897 231.87 75.8892C231.778 76.4888 231.669 77.1213 231.54 77.7933L231.302 79.0418H232.861Z" fill="#D82028"/>
<path d="M237.089 72.2293H241.363V73.3724H239.89V81.9374H238.602V73.3724H237.089V72.2293Z" fill="#D82028"/>
<path d="M244.672 72.2293H245.993V81.9506H244.672V72.2293Z" fill="#D82028"/>
<path d="M254.952 77.3288C254.952 79.044 254.76 80.2628 254.377 80.9854C254.198 81.3344 253.92 81.6233 253.578 81.816C253.235 82.0087 252.844 82.0967 252.452 82.0692C252.039 82.0988 251.627 82.0033 251.27 81.7952C250.913 81.587 250.627 81.276 250.45 80.903C250.067 80.1453 249.876 78.7958 249.876 76.8544C249.876 75.126 250.065 73.9028 250.444 73.1846C250.626 72.8337 250.907 72.5439 251.253 72.3512C251.599 72.1585 251.994 72.0715 252.389 72.1008C252.738 72.0759 253.088 72.1399 253.406 72.2869C253.724 72.4338 253.999 72.6588 254.205 72.9409C254.508 73.4237 254.702 73.9667 254.773 74.532C254.912 75.4575 254.972 76.3931 254.952 77.3288ZM253.575 77.4671C253.575 75.7827 253.5 74.6659 253.35 74.1169C253.198 73.5635 252.888 73.2867 252.422 73.2867C252.201 73.2817 251.985 73.3555 251.814 73.4951C251.642 73.6346 251.527 73.8306 251.487 74.0477C251.335 74.5583 251.259 75.5894 251.259 77.1311C251.218 78.1255 251.299 79.1212 251.501 80.0959C251.664 80.6164 251.971 80.8767 252.422 80.8767C252.635 80.8775 252.841 80.8052 253.006 80.672C253.172 80.5388 253.286 80.3528 253.33 80.1454C253.493 79.6622 253.575 78.7695 253.575 77.4671Z" fill="#D82028"/>
<path d="M258.837 72.2293H260.062L261.383 76.1066C261.773 77.2572 262.104 78.4271 262.374 79.6117C262.268 78.8606 262.19 78.1809 262.139 77.5726C262.09 76.9631 262.063 76.3932 262.063 75.8563V72.2326H263.384V81.9539H262.152L260.683 77.5759C260.547 77.1707 260.419 76.7523 260.3 76.324C260.181 75.8958 260.068 75.4478 259.969 74.9767C259.969 74.9174 259.946 74.8449 259.926 74.7626C259.907 74.6802 259.887 74.5814 259.86 74.4727C259.86 74.5814 259.884 74.6736 259.893 74.7527C259.903 74.8318 259.893 74.8976 259.893 74.9503L259.963 75.9386L260.032 77.141C260.032 77.2091 260.032 77.2915 260.032 77.3881C260.032 77.4836 260.032 77.5923 260.032 77.7175L260.101 81.9572H258.807L258.837 72.2293Z" fill="#D82028"/>
<path d="M275.992 72.4305V73.7086C275.685 73.4578 275.308 73.3081 274.912 73.2804C274.753 73.2756 274.595 73.3059 274.448 73.3691C274.302 73.4323 274.172 73.5268 274.067 73.646C273.839 73.8991 273.72 74.2318 273.736 74.5717C273.727 74.8789 273.808 75.1821 273.968 75.4447C274.084 75.6244 274.217 75.7931 274.364 75.9487C274.546 76.1562 274.783 76.4033 275.074 76.6932C275.509 77.1013 275.876 77.5748 276.164 78.0965C276.37 78.5349 276.47 79.0158 276.454 79.4999C276.481 80.1767 276.254 80.8391 275.817 81.3578C275.612 81.5917 275.358 81.777 275.072 81.9002C274.786 82.0233 274.477 82.0811 274.166 82.0694C273.649 82.0827 273.144 81.92 272.732 81.6082V80.3136C273.094 80.6118 273.539 80.7893 274.007 80.8209C274.165 80.8287 274.323 80.8011 274.468 80.7401C274.614 80.6791 274.744 80.5862 274.849 80.4684C275.063 80.1919 275.169 79.8482 275.15 79.4999C275.155 79.1681 275.076 78.8404 274.919 78.5479C274.82 78.3862 274.71 78.2321 274.588 78.0867C274.42 77.8833 274.242 77.6887 274.053 77.5036C273.723 77.1742 273.446 76.8876 273.228 76.6339C273.043 76.4316 272.879 76.2108 272.739 75.9751C272.524 75.5406 272.42 75.0594 272.439 74.575C272.401 73.9222 272.608 73.2787 273.02 72.7698C273.223 72.5487 273.473 72.3751 273.752 72.2612C274.031 72.1473 274.331 72.096 274.631 72.1109C275.105 72.1021 275.572 72.212 275.992 72.4305Z" fill="#D82028"/>
<path d="M285.018 77.3288C285.018 79.044 284.827 80.2629 284.444 80.9854C284.265 81.3345 283.987 81.6233 283.644 81.816C283.302 82.0087 282.91 82.0968 282.518 82.0692C282.106 82.0989 281.694 82.0033 281.337 81.7952C280.979 81.5871 280.694 81.2761 280.517 80.9031C280.143 80.1454 279.955 78.7959 279.955 76.8545C279.955 75.1261 280.145 73.9028 280.523 73.1847C280.706 72.8341 280.987 72.5445 281.333 72.3518C281.679 72.1592 282.074 72.0719 282.469 72.1009C282.818 72.076 283.168 72.14 283.486 72.2869C283.803 72.4339 284.078 72.6589 284.285 72.9409C284.589 73.4235 284.784 73.9665 284.856 74.532C284.988 75.4582 285.042 76.3937 285.018 77.3288ZM283.641 77.4672C283.641 75.7827 283.566 74.666 283.416 74.117C283.265 73.5635 282.954 73.2868 282.488 73.2868C282.267 73.2817 282.052 73.3556 281.88 73.4951C281.709 73.6347 281.593 73.8306 281.554 74.0478C281.402 74.5584 281.326 75.5895 281.326 77.1312C281.284 78.1256 281.365 79.1213 281.567 80.096C281.73 80.6165 282.037 80.8767 282.488 80.8767C282.701 80.8775 282.907 80.8053 283.073 80.6721C283.238 80.5389 283.353 80.3529 283.397 80.1454C283.562 79.6612 283.641 78.7684 283.641 77.4672Z" fill="#D82028"/>
<path d="M288.906 72.2294H290.227V80.8406H292.373V81.9507H288.906V72.2294Z" fill="#D82028"/>
<path d="M295.858 72.2293H297.146V79.0978C297.109 79.5714 297.173 80.0473 297.334 80.4946C297.419 80.6145 297.537 80.7087 297.672 80.7668C297.808 80.8249 297.957 80.8447 298.103 80.824C298.245 80.8446 298.391 80.8275 298.524 80.7743C298.657 80.7211 298.774 80.6337 298.863 80.5209C299.023 80.124 299.087 79.6953 299.051 79.2691V72.2293H300.339V79.2856C300.339 80.343 300.177 81.0612 299.854 81.4334C299.468 81.8595 298.877 82.0714 298.08 82.0692C297.199 82.0692 296.583 81.7958 296.231 81.2489C295.984 80.8778 295.86 80.1607 295.858 79.0978V72.2293Z" fill="#D82028"/>
<path d="M303.652 72.2293H307.926V73.3724H306.453V81.9374H305.165V73.3724H303.652V72.2293Z" fill="#D82028"/>
<path d="M311.233 72.2293H312.554V81.9506H311.233V72.2293Z" fill="#D82028"/>
<path d="M321.515 77.329C321.515 79.0442 321.323 80.263 320.94 80.9856C320.761 81.3346 320.483 81.6234 320.141 81.8161C319.798 82.0088 319.407 82.0969 319.015 82.0694C318.602 82.099 318.19 82.0035 317.833 81.7953C317.476 81.5872 317.19 81.2762 317.014 80.9032C316.63 80.1455 316.439 78.796 316.439 76.8546C316.439 75.1262 316.628 73.903 317.007 73.1848C317.189 72.8339 317.47 72.5441 317.816 72.3514C318.162 72.1587 318.557 72.0716 318.952 72.101C319.301 72.0764 319.651 72.1406 319.969 72.2875C320.286 72.4344 320.562 72.6593 320.768 72.941C321.072 73.4239 321.265 73.9669 321.337 74.5322C321.475 75.4577 321.535 76.3933 321.515 77.329ZM320.138 77.4673C320.138 75.7829 320.062 74.6661 319.91 74.1171C319.758 73.5636 319.451 73.2869 318.982 73.2869C318.761 73.2826 318.546 73.3569 318.376 73.4963C318.205 73.6358 318.09 73.8313 318.05 74.0479C317.899 74.5585 317.823 75.5896 317.823 77.1313C317.782 78.1255 317.862 79.121 318.06 80.0961C318.226 80.6166 318.533 80.8769 318.982 80.8769C319.195 80.8784 319.402 80.8065 319.568 80.6732C319.734 80.54 319.849 80.3536 319.893 80.1455C320.056 79.6624 320.138 78.7696 320.138 77.4673Z" fill="#D82028"/>
<path d="M325.399 72.2294H326.624L327.945 76.1067C328.334 77.2578 328.665 78.4276 328.936 79.6118C328.83 78.8607 328.752 78.181 328.701 77.5727C328.652 76.9633 328.625 76.3933 328.625 75.8564V72.2327H329.946V81.954H328.714L327.245 77.576C327.109 77.1708 326.981 76.7524 326.862 76.3242C326.743 75.8959 326.631 75.4479 326.531 74.9768C326.531 74.9175 326.508 74.8451 326.489 74.7627C326.469 74.6803 326.449 74.5815 326.422 74.4728C326.422 74.5815 326.446 74.6738 326.456 74.7528C326.465 74.8319 326.456 74.8978 326.472 74.9505L326.541 75.9387L326.611 77.1411C326.611 77.2092 326.611 77.2916 326.611 77.3882C326.611 77.4837 326.611 77.5925 326.611 77.7176L326.68 81.9573H325.385L325.399 72.2294Z" fill="#D82028"/>
<path d="M337.284 72.4304V73.7085C336.977 73.4581 336.6 73.3085 336.204 73.2803C336.045 73.2753 335.886 73.3054 335.74 73.3687C335.594 73.4319 335.464 73.5266 335.359 73.6459C335.245 73.7709 335.157 73.917 335.101 74.0759C335.044 74.2347 335.019 74.4032 335.028 74.5716C335.02 74.8791 335.102 75.1823 335.263 75.4446C335.379 75.6236 335.51 75.7922 335.656 75.9486C335.841 76.1562 336.075 76.4032 336.366 76.6931C336.8 77.1022 337.169 77.5755 337.459 78.0965C337.665 78.5348 337.765 79.0157 337.75 79.4998C337.776 80.1766 337.549 80.839 337.112 81.3578C336.907 81.5911 336.653 81.776 336.367 81.8991C336.081 82.0222 335.772 82.0803 335.461 82.0693C334.944 82.0831 334.439 81.9204 334.028 81.6081V80.3135C334.389 80.6117 334.835 80.7892 335.302 80.8208C335.46 80.8286 335.617 80.8009 335.762 80.7399C335.907 80.6789 336.037 80.5861 336.141 80.4683C336.357 80.193 336.465 79.8487 336.445 79.4998C336.451 79.1675 336.37 78.8394 336.211 78.5478C336.111 78.3867 336.001 78.2326 335.88 78.0866C335.712 77.8833 335.534 77.6886 335.345 77.5035C335.015 77.1741 334.738 76.8875 334.516 76.6338C334.333 76.4307 334.171 76.21 334.031 75.975C333.814 75.5409 333.71 75.0596 333.727 74.5749C333.693 73.9204 333.905 73.2768 334.322 72.7697C334.525 72.5489 334.774 72.3754 335.052 72.2615C335.33 72.1477 335.63 72.0962 335.93 72.1108C336.401 72.1033 336.866 72.2131 337.284 72.4304Z" fill="#D82028"/>
<path d="M162.111 27.8264C162.115 28.9361 162.558 29.9994 163.344 30.7844C164.131 31.5693 165.196 32.0123 166.309 32.0167H199.902C203.243 32.0167 206.446 33.3404 208.809 35.6966C211.171 38.0529 212.498 41.2486 212.498 44.5809C212.498 47.9131 211.171 51.1089 208.809 53.4651C206.446 55.8214 203.243 57.1451 199.902 57.1451H153.713V48.7086H199.902C200.459 48.7242 201.014 48.6282 201.534 48.4262C202.053 48.2243 202.527 47.9204 202.927 47.5327C203.327 47.1449 203.645 46.6812 203.862 46.1688C204.079 45.6564 204.19 45.1058 204.19 44.5496C204.19 43.9933 204.079 43.4428 203.862 42.9304C203.645 42.418 203.327 41.9542 202.927 41.5665C202.527 41.1787 202.053 40.8749 201.534 40.6729C201.014 40.471 200.459 40.375 199.902 40.3906H166.309C162.968 40.3906 159.764 39.0669 157.402 36.7106C155.04 34.3544 153.713 31.1586 153.713 27.8264C153.713 24.4942 155.04 21.2984 157.402 18.9421C159.764 16.5859 162.968 15.2622 166.309 15.2622H212.498V23.6394H166.309C165.2 23.6531 164.14 24.0986 163.356 24.8809C162.571 25.6631 162.125 26.7202 162.111 27.8264Z" fill="#333333"/>
<path d="M287.363 27.8263C287.366 28.936 287.809 29.9993 288.596 30.7843C289.382 31.5693 290.448 32.0122 291.56 32.0166H325.153C328.494 32.0166 331.698 33.3403 334.06 35.6965C336.422 38.0528 337.749 41.2485 337.749 44.5808C337.749 47.913 336.422 51.1088 334.06 53.465C331.698 55.8213 328.494 57.145 325.153 57.145H278.964V48.7085H325.153C325.711 48.7241 326.266 48.6281 326.785 48.4261C327.305 48.2242 327.779 47.9203 328.178 47.5326C328.578 47.1449 328.896 46.6811 329.113 46.1687C329.33 45.6563 329.442 45.1057 329.442 44.5495C329.442 43.9933 329.33 43.4427 329.113 42.9303C328.896 42.4179 328.578 41.9541 328.178 41.5664C327.779 41.1786 327.305 40.8748 326.785 40.6728C326.266 40.4709 325.711 40.3749 325.153 40.3905H291.56C288.219 40.3905 285.016 39.0668 282.653 36.7105C280.291 34.3543 278.964 31.1585 278.964 27.8263C278.964 24.4941 280.291 21.2983 282.653 18.9421C285.016 16.5858 288.219 15.2621 291.56 15.2621H337.749V23.6393H291.56C290.451 23.653 289.391 24.0985 288.607 24.8808C287.823 25.663 287.376 26.7201 287.363 27.8263Z" fill="#333333"/>
<path d="M253.159 19.3305C252.409 18.0931 251.354 17.0689 250.093 16.3564C248.832 15.6439 247.408 15.267 245.959 15.2621H242.359C240.911 15.267 239.488 15.6438 238.227 16.3564C236.967 17.0689 235.912 18.0932 235.163 19.3305L212.428 57.145H241.646V48.4252H237.105L221.471 53.6235V51.0276L232.019 44.8806V42.7459C232.019 42.6621 232.035 42.5791 232.067 42.5016C232.098 42.4241 232.145 42.3536 232.205 42.2942C232.264 42.2348 232.334 42.1877 232.412 42.1555C232.489 42.1234 232.572 42.1068 232.656 42.1068H233.783C233.953 42.1068 234.116 42.1742 234.236 42.294C234.356 42.4139 234.423 42.5764 234.423 42.7459V43.2796L241.646 38.4733V25.8596C241.646 25.2044 241.907 24.576 242.371 24.1126C242.836 23.6493 243.466 23.389 244.123 23.389H244.162C244.219 23.389 244.268 23.389 244.321 23.389H244.384L244.503 23.4087C245.086 23.4984 245.619 23.7935 246.003 24.2406C246.388 24.6877 246.6 25.2573 246.6 25.8465V38.4074L253.905 43.2631V42.7294C253.905 42.6457 253.921 42.5626 253.953 42.4851C253.984 42.4076 254.031 42.3371 254.09 42.2777C254.15 42.2183 254.22 42.1712 254.298 42.1391C254.375 42.1069 254.458 42.0904 254.542 42.0904H255.669C255.838 42.0904 256.001 42.1577 256.122 42.2775C256.242 42.3974 256.309 42.5599 256.309 42.7294V44.8641L266.818 50.9749L266.854 53.6103L251.223 48.4252H246.6V57.1483H275.893L253.159 19.3305Z" fill="#333333"/>
<path d="M85.1657 3.10207e-06C76.7639 -0.00309125 68.5246 2.30886 61.3566 6.68079C54.1886 11.0527 48.3707 17.3147 44.5446 24.776L47.7348 27.0094C50.231 22.0177 53.7069 17.5768 57.9562 13.9503C62.2056 10.3238 67.1418 7.58553 72.4721 5.89787C77.8024 4.21022 83.4182 3.60759 88.9864 4.12573C94.5546 4.64386 99.9617 6.27221 104.887 8.91418C109.812 11.5562 114.156 15.1579 117.659 19.5059C121.163 23.8538 123.755 28.8593 125.283 34.2255C126.81 39.5917 127.242 45.2093 126.552 50.7449C125.862 56.2806 124.064 61.6217 121.266 66.4513L54.9971 32.0859L118.69 70.3385C118.221 70.9644 117.737 71.5772 117.24 72.1767H112.286L0 1.3177L101.748 72.1965H90.5191L0 1.3177L70.869 72.236L53.1675 72.2591C48.1401 66.2906 44.9019 59.0289 43.8246 51.3077L39.5908 46.956C39.8775 55.8892 42.7955 64.5403 47.9805 71.8296C53.1656 79.1188 60.388 84.7234 68.7464 87.9438C77.1048 91.1642 86.2289 91.8577 94.98 89.9379C103.731 88.0181 111.722 83.5699 117.954 77.1485C124.187 70.7272 128.385 62.617 130.026 53.8304C131.666 45.0437 130.676 35.9697 127.179 27.7409C123.681 19.5121 117.832 12.4929 110.36 7.55946C102.889 2.62602 94.1259 -0.00318445 85.1657 3.10207e-06Z" fill="#D82028"/>
</svg>
